# Created by Octave 6.4.0, Wed May 25 11:32:59 2022 CEST <ewen@ewen-SVS1312J3EW>
# name: Ha
# type: matrix
# rows: 8
# columns: 11
 0 0.49999999872920459 0.49999999496849662 0.49999998887080632 0.4999999806840994 0.49999997074129232 0.49999995944671266 0.4999999472596599 0.49999993467572618 0.49999992220664219 0.499999910359471
 0 0.499950622503125 0.49981029205153243 0.49960118197781428 0.49935633334440754 0.49911443419173085 0.4989137065186815 0.49878586690141541 0.49875111502089908 0.49881494195192183 0.4989672625294046
 0 0.49999999872920459 0.50980795615947316 0.52941860033768384 0.55882257700144966 0.59800664219928401 0.64695464910324485 0.70564979850109721 0.77407830843925796 0.85223416591181367 0.9401240821273098
 0 0.49999999872920459 0.49999999496849662 0.50014498798040419 0.50086918202133135 0.50289531304491675 0.50723387093964589 0.51518240677430516 0.52832502542840043 0.54853203823475605 0.5779596614050877
 0 0.49999999872920459 0.49999999496849662 0.49999998887080632 0.49990569731871176 0.49953812841058809 0.49865262149301215 0.49696727115039574 0.49420065184286732 0.49011878580136525 0.48459135163534428
 0 0.49999999872920459 0.49999999496849662 0.49999998887080632 0.4999999806840994 0.4999976255335199 0.49998137808632415 0.4999196310188152 0.49974667363500713 0.49934661150630111 0.49853669599978401
 0 0.49999999872920459 0.49999999496849662 0.49999998887080632 0.4999999806840994 0.49999997074129232 0.50000086090170082 0.50000606474359177 0.50002345533397252 0.50006712571765521 0.50015831911067354
 0 0.49999999872920459 0.49999999496849662 0.49999998887080632 0.4999999806840994 0.49999997074129232 0.49999995944671266 0.49999997911109195 0.5000002491292449 0.50000159428830482 0.50000629642617589


